81.47
90.58
12.70
91.34
63.24
9.75
27.85
54.69
95.75
96.49
15.76
97.06
95.72
48.54
80.03
14.19
42.18
91.57
79.22
95.95
65.57
3.57
84.91
93.40
67.87
75.77
74.31
39.22
65.55
17.12
70.60
3.18
27.69
4.62
9.71
82.35
69.48
31.71
95.02
3.44
43.87
38.16
76.55
79.52
18.69
48.98
44.56
64.63
70.94
75.47
27.60
67.97
65.51
16.26
11.90
49.84
95.97
34.04
58.53
22.38
75.13
25.51
50.60
69.91
89.09
95.93
54.72
13.86
14.93
25.75
84.07
25.43
81.43
24.35
92.93
35.00
19.66
25.11
61.60
47.33
35.17
83.08
58.53
54.97
91.72
28.58
75.72
75.37
38.04
56.78
7.59
5.40
53.08
77.92
93.40
12.99
56.88
46.94
1.19
33.71
16.22
79.43
31.12
52.85
16.56
60.20
26.30
65.41
68.92
74.82
45.05
